152 20
458 59
578 18
941 92
961 81
799 71
620 52
785 12
514 22
844 92
137 24
629 49
662 24
155 4
433 84
192 56
550 1
658 68
718 16
929 93
586 67
966 11
906 25
209 15
198 8
339 52
956 97
890 47
261 66
386 11
569 15
721 15
393 88
393 25
435 33
540 64
587 43
460 4
835 90
981 11
329 76
458 40
521 65
722 22
225 78
530 37
434 24
639 58
978 10
968 64
361 8
620 77
883 45
162 26
623 89
703 28
622 25
634 97
639 67
897 29
622 14
108 16
125 79
301 84
790 5
271 59
910 21
744 34
422 93
674 9
356 39
600 36
700 49
344 96
833 18
785 87
882 57
727 0
361 18
517 21
840 29
498 35
587 32
610 48
348 6
791 91
683 14
529 95
553 86
612 5
448 34
633 92
598 38
404 73
505 85
544 17
797 63
389 94
650 2
173 1
314 29
839 6
552 47
517 89
105 87
153 99
156 71
128 38
924 73
201 32
160 92
113 44
758 50
343 19
417 71
787 48
109 96
565 83
521 76
247 22
152 39
111 70
604 42
882 5
688 75
217 98
275 74
552 82
118 26
152 21
727 11
601 91
734 3
997 57
413 5
569 1
623 11
750 8
471 45
693 50
293 98
683 71
603 66
942 18
276 87
599 48
740 49
851 100
888 33
840 2
755 24
273 67
198 57
433 68
662 62
739 56
350 50
527 19
285 70
567 30
840 40
386 28
203 59
111 13
103 73
460 83
354 24
273 26
454 29
953 97
709 78
940 99
884 33
136 26
180 43
900 76
564 99
529 100
443 16
338 75
891 86
397 0
356 78
362 30
571 65
753 67
418 73
156 68
676 60
678 54
218 77
384 65
794 61
471 52
928 34
878 52
440 88
261 96
848 29
675 48
