# Randomly generated 1000 points
  2.79 -29.14  67.55  57.08 -23.04
  9.73 -74.88  58.27  42.55  14.83
 16.49 -68.00   5.65  56.33  44.58
  9.61 -12.93 -66.87  30.99  56.42
  6.43  98.68 -54.89 -11.11 -23.93
  2.24  -8.05 -41.41  48.20 -64.74
 18.56  76.56 -67.68 -30.83 -26.20
  6.64  49.95  42.83  81.24 -13.95
 19.61  56.10  10.05 -13.13  70.13
 19.28  11.12  92.21  21.28 -42.16
  7.68  66.46  22.79 -15.06 -92.40
 15.50 -15.77 -82.84 -32.68  61.69
 14.64 -22.21  25.16 -44.32  82.18
 12.22 -65.83  92.22 -42.55 -60.79
 19.18  27.35 -41.39 -14.66  17.94
  1.41 -44.40  20.26  15.03  -3.07
  4.26 -87.44  82.64 -80.01  88.99
 18.25 -29.56  73.07 -22.65  84.98
 16.85 -60.18  35.19  63.99  27.05
  3.91  -6.42 -92.65  -9.62 -73.50
 14.85 -59.81 -55.72 -40.98 -29.85
 10.69  54.57 -56.44  31.25 -62.67
 10.58  73.28 -46.42 -10.03 -69.43
  8.22  -9.63 -32.76 -21.90  37.97
 19.50 -82.43 -19.66   7.82  41.26
 15.59  67.43 -94.71  42.70 -56.48
 10.95 -16.46 -39.06  -6.32 -79.73
 12.20  19.30 -51.99 -36.55 -72.51
  9.61 -56.23 -88.84  77.08 -43.17
  8.43 -39.15 -51.37 -86.30  65.38
  4.14  27.81 -69.50  92.78  42.95
  1.52  63.12  21.63  94.23 -39.88
  7.45  19.62  -0.57 -42.67 -34.01
  6.84 -63.37  78.92 -32.44  88.71
 11.98  77.59 -18.42  80.33  44.99
 14.52 -91.70 -45.32  68.38  54.72
  4.82  94.92 -33.68  19.29 -18.06
 17.30  11.92 -42.98  40.01  21.47
 11.39  67.85 -69.14 -66.28 -54.34
 18.72 -91.53  94.63 -56.81  83.86
  3.17 -55.17 -88.91  98.29 -14.04
  2.52  65.38  21.89 -55.14  30.35
 11.50  10.38  38.08 -29.78 -42.10
  4.67 -51.59 -45.23  93.34  80.75
 15.63  97.19 -98.45  59.35  27.65
  6.51   3.05 -23.45  37.76 -41.64
  7.44 -80.77 -36.98 -26.36  31.23
  2.11  49.71 -14.31  57.69  78.60
  2.15 -56.65  71.52  78.28 -95.26
  5.88   7.35 -35.31  79.87 -11.01
 12.30 -51.40 -15.20 -53.54 -70.28
 14.25  49.95  57.46   8.79  71.62
 17.39   7.52  11.84 -55.19 -90.25
  1.05 -60.10  41.82 -37.37  77.96
 14.06 -74.19 -49.40 -96.96 -23.63
  7.15  59.31  44.11 -45.72  82.75
  8.17 -76.43 -27.24  -4.34  14.78
 13.65  55.63  52.77  96.13 -40.64
 12.11 -23.11 -82.18  11.62  -4.27
  7.83 -48.08 -99.77 -64.47  49.76
  9.39 -27.31 -91.56  18.31 -68.20
 18.48  55.48 -33.24 -15.05  50.55
  5.64  87.34  32.22  16.79 -31.96
 18.08 -16.30 -49.93  27.06  -0.51
 13.58  71.65  87.85  30.46  33.00
  3.86 -45.53  91.72 -80.66  28.68
 15.51  17.68  43.89  28.79  70.70
 19.35 -55.59 -30.09  58.73 -30.96
  3.02  68.87  72.15  35.84 -56.32
 19.27  73.86  -8.76  -6.31  31.64
 11.52   1.25   3.93  52.18 -73.02
  3.42  48.61  37.55  83.09 -46.38
 11.11 -95.99 -85.64  83.63 -69.79
 12.58  78.50 -39.48  30.38 -52.47
 12.38  91.17 -93.32  43.74   7.05
  5.91  48.51  45.76  91.94  12.06
 16.59  16.61  75.58  16.91  -4.00
 13.12 -25.38 -17.85  33.99  98.78
 13.56  93.48 -54.29  38.29  32.72
 12.99  11.41  32.00 -51.63 -55.60
  7.75 -49.36 -29.80 -15.43  70.78
  7.32 -41.65 -22.21 -70.88   0.97
 18.43 -74.15  36.39 -39.27 -74.77
  1.80  45.11  62.34 -55.09  69.93
 11.89  -5.85  53.47 -88.00  31.66
 12.29 -38.14  98.77 -55.05 -18.71
  2.63 -26.42 -76.53 -46.02 -95.96
  8.57 -23.21 -74.70  23.45 -20.27
 16.23 -83.40 -54.40  77.21 -70.99
 10.45  81.54 -43.51 -99.85  77.42
 11.94 -20.52 -60.50  -5.28  -4.83
  1.29  -5.86 -60.28  99.04 -85.43
 16.34  21.70  49.78 -77.65 -93.89
  2.63  -8.25  82.92  13.85   5.37
 11.72  -0.81 -92.02  42.49  38.66
 18.23 -57.72 -39.33 -82.65  26.70
  4.18  19.57  65.11  44.78  98.56
 18.80 -52.33 -68.08 -77.88  83.17
  4.48 -19.20  -5.25 -27.31  97.74
 10.63 -64.55 -21.24  44.60  23.84
 14.25  39.16 -79.35 -42.78  77.59
 12.98  62.49 -16.25 -86.72  27.31
  4.75 -14.95 -97.90  80.05 -33.87
 11.94 -10.02 -49.78 -61.09 -36.27
 14.04  51.06 -36.35  83.44 -38.62
 11.34   6.61  -1.55  11.86  99.99
 13.25 -47.83  71.93   6.53  45.04
 11.22 -87.04  69.14 -16.59  69.51
 12.47  50.14 -78.05 -36.11 -41.19
  7.05 -79.42 -22.40  37.65 -22.53
 18.09  41.68 -82.26 -53.67  17.88
  3.06  90.88  -2.16  74.33 -30.54
  6.30 -41.08  30.39 -15.14  32.54
 18.58 -41.19 -60.06 -55.19 -66.37
 11.54 -76.87 -60.14 -89.60  88.61
 17.89 -86.75   7.68  50.97 -71.70
  6.56 -45.09 -39.54 -84.57 -28.49
 10.92  87.30  -7.21   5.45  87.66
  6.62 -20.97  93.91  94.27  68.19
 10.80 -61.83 -50.09 -70.10  33.51
  9.50  -1.26  24.43 -62.00  47.32
  4.09 -53.50 -10.90 -56.86 -49.23
 14.23  -4.72 -20.10 -15.02  94.24
  2.84 -39.73  74.73 -38.02 -73.85
 15.24 -55.25 -62.43  91.48  -4.77
 19.94 -40.63  99.82 -56.46 -75.41
  9.72 -40.01  97.32 -32.99  50.13
 17.72  76.04 -53.22 -31.28 -75.73
  6.26 -48.05  16.19 -89.84 -92.98
 16.39  14.72 -99.10 -27.03 -47.91
  4.41  68.36 -28.50  41.48  12.50
 11.60  57.25  66.24  33.08  75.86
 13.70 -19.40  64.32 -62.87 -48.23
 12.48 -12.38  76.88  20.13   2.07
  3.60 -60.83  -3.01  59.57 -99.66
  3.88  40.26  97.30  20.47  -1.07
 15.20 -41.85 -41.61 -82.48  49.91
  9.92  71.11 -24.72 -57.92  79.25
 19.50 -12.06 -33.87 -12.10 -76.34
  4.04 -82.45  29.10 -13.26 -81.75
 19.02 -71.47  76.80  35.17 -83.30
  3.87 -12.40  10.91 -57.39  -5.48
  7.71  71.99  54.05 -27.12  36.46
 11.25  77.00 -50.54  92.94  90.81
 16.44 -40.62  40.54 -54.69  63.65
 11.93  23.34 -85.86 -60.48   3.20
 17.56 -75.28 -84.06 -49.72 -13.78
  3.36  75.61  -2.42  -9.69  27.00
 15.92 -25.28 -69.29 -23.33  -0.71
  2.52  86.04  44.43 -13.21  24.59
 11.25 -70.78 -81.56  57.95 -78.70
  6.40  56.28  79.46 -35.53 -40.74
 19.17   3.91  30.85 -72.29   5.67
  5.57  23.09  48.00 -91.43  91.66
  3.52  45.61 -26.26 -48.38  67.60
 19.61  19.49  78.30  33.94  87.37
  4.35  -7.45   4.07 -34.71  82.45
  1.06  57.12  28.21 -26.11 -52.55
 12.05   2.16 -26.31  97.63 -82.57
 17.62  46.52 -27.95  85.93  37.16
  4.35 -92.59  59.46  47.74 -52.15
  6.39  -4.47 -82.75  -5.64 -96.61
  7.61 -13.20  30.47  21.01  86.17
 17.00  36.47  81.55   1.42 -91.18
 18.91 -15.42  86.97  40.29 -36.24
  6.97  52.33  89.97  61.69   4.37
  9.30  33.68  21.28 -76.16  86.30
  1.05  66.49  14.76 -28.63  61.36
 12.66  18.84 -53.13  67.23 -88.04
 16.18  83.10  43.30  57.67   6.86
  6.25  88.98 -93.22  55.78 -56.56
  9.26 -86.99 -53.38  37.87 -18.09
 11.91 -28.03  87.17  53.44  89.39
  7.93 -22.05 -20.75  66.31  68.42
  4.82 -39.89 -54.05 -82.24  35.71
 16.41 -18.86  78.65 -93.83  20.94
  6.19  89.04  31.57  46.98  12.21
 17.68  82.61 -25.23  96.24 -29.01
 14.02   4.82  65.00   9.19 -24.78
 10.75  80.53  58.64  68.03  39.41
 10.58 -45.99  30.69 -14.95 -78.06
 19.07  23.98  98.67  80.90 -45.28
 15.92  99.30  53.45  -9.30 -30.52
  5.38 -42.32   8.24  51.51 -91.23
 11.46  89.44 -99.36  67.40  71.38
  7.70   4.52 -56.21 -35.00  25.68
  9.76 -61.17 -42.11  26.38 -99.16
 12.94  48.41   4.74 -30.80 -68.05
 12.93  10.47 -14.07  34.20  33.92
  2.76  98.47 -18.37   7.77 -81.96
 12.20  69.93  21.95  93.34 -56.65
  9.79 -51.63  -6.67  74.25  11.22
 10.84  78.66  77.30   9.68  26.90
 13.75 -66.70 -82.34  36.69 -60.34
 10.53  29.88 -19.28   1.30  99.19
  8.61  15.64 -32.80 -47.28 -21.83
  3.96  69.40  -9.35 -31.61  68.00
  7.50 -28.84  26.67  70.31 -89.56
 16.46 -22.77  58.80 -49.08 -19.10
 18.16 -83.66  45.29  80.93 -78.55
  4.36  64.63 -30.61 -92.36  93.23
  6.05  17.77  81.02  94.16 -86.55
  4.35  36.46  42.92  77.10  90.51
 14.94   2.47   1.05 -42.22  -0.15
  3.51 -87.06 -89.62  67.69 -44.27
  3.23 -19.76 -51.29  21.12  21.45
  6.92  50.27 -96.25 -27.94 -46.51
  2.16 -29.05  50.50  84.95 -88.80
  3.57  59.88  32.52  30.52  97.12
  1.62  70.33  33.59  -4.09 -64.97
  7.79 -65.20  25.77  62.82 -47.11
 13.16  93.49  94.02 -88.36 -98.25
  4.79  44.02   7.29  48.62  35.83
 16.06   6.31  57.13  12.73 -26.46
  3.33 -33.97 -29.80 -71.03 -21.96
  6.20  28.98 -76.35  85.75 -53.61
  8.98 -22.30 -48.10 -93.27  51.96
 15.79 -95.94  38.71 -93.84  95.83
  6.68  90.09  42.63 -11.06  52.40
 12.45  33.60 -43.66 -40.00 -93.32
  9.38  86.37  48.50   2.87 -36.30
 11.17  67.28 -78.90 -52.66  -4.37
  2.49 -54.73 -34.07  56.51 -63.36
  6.02  68.16  33.47  88.89  81.67
  8.03  66.70  96.80 -51.17  87.66
 15.43 -13.54 -92.06 -69.19  14.75
 17.81 -89.11  67.90  74.44 -84.40
 13.52  68.21 -61.92  21.59   5.83
  8.32  40.61  32.61  36.07 -46.57
  3.42 -61.78  32.11 -28.01  47.08
  3.52 -44.49 -15.46  67.91 -28.17
 17.14  89.41 -76.38  46.04  18.95
 16.83  31.62 -48.59 -10.18 -97.30
 13.57  38.81 -43.40  50.95 -32.10
  1.24 -53.08 -48.61  28.11 -76.44
 12.76 -30.94 -78.27  70.71  34.38
 10.53 -30.88  63.44 -58.34 -56.25
  6.05  49.98 -76.06  35.57  14.97
  6.79   6.20 -90.81  34.80  61.48
  7.48 -45.87   1.34 -56.37  65.29
  3.08  37.90  76.16  90.96 -45.65
 13.27  60.13 -84.30  94.96 -28.35
  3.52  40.41  84.22  56.63 -43.86
  2.91  37.15  87.63   1.75  32.77
 15.68 -67.78 -50.20  95.13 -70.67
  2.28 -29.37  60.26  74.06 -42.63
  8.22 -28.79  19.90 -70.93  27.21
  9.57 -86.90 -83.41 -80.77 -24.98
  7.79  47.64   3.24  31.21  53.82
  7.05 -95.54 -64.78 -59.07 -83.39
  5.01  -8.96  32.93   2.22 -34.55
  6.92 -75.87  99.89 -20.38   3.69
  4.29  48.43 -39.68   3.75 -51.20
 15.82  23.43  49.90  40.35 -84.94
 15.59  23.91 -54.04  74.43 -19.81
 15.03  93.19   4.20 -65.58  11.58
  8.90 -15.19 -79.63 -61.48  82.63
 15.02  -9.43  64.00  -9.38 -99.64
 13.17  44.86 -92.03  82.44 -92.51
 15.17 -36.44 -89.43  29.81  24.87
  3.54   1.40  12.16  -3.06  70.99
 18.62  45.41   0.16  45.22  64.52
  3.97  19.80 -45.32   5.09  58.26
 18.30  58.52  11.87 -16.89  13.91
  5.69  77.08  46.73 -26.99  -3.53
 16.66 -27.12  41.35   6.45 -43.61
 17.42 -32.94  83.13 -45.25 -89.24
  5.22 -46.57  29.57  72.28 -72.04
  7.32 -33.81  22.51  -7.66 -29.32
  8.36 -59.65  68.00 -74.30  34.84
 17.32  12.09  18.07  79.45 -41.68
 10.97  12.25 -13.47  64.35 -97.23
  9.85 -27.77  54.74  22.35 -66.81
 15.89  52.49  85.54  52.84  27.06
 14.90 -90.98 -67.72  78.63  10.87
 18.99 -18.61 -41.88  52.73   3.56
  8.30 -22.41   1.78 -77.00 -64.68
  3.42 -69.83 -80.38   7.27  61.11
  1.03 -64.82 -51.26  46.24  17.80
 17.88  55.58  41.76  -1.76 -87.93
 13.37  76.49 -58.07  19.40  91.17
  8.77  57.34  14.35 -66.55  78.15
 17.38 -70.42  99.77  -2.24  29.85
 10.86 -65.88 -66.66  75.56  42.61
  6.05  13.03 -82.51  60.50  -5.83
 12.39  58.52  58.25  76.41  97.02
 18.79 -58.72 -53.57  10.92  49.19
  5.08 -29.76 -21.03  14.17  80.36
  8.69  12.74   6.48 -57.74  94.52
  8.10  70.25  82.78 -34.47 -97.36
 11.02  80.80  71.01  15.04  29.41
  2.10 -17.93 -18.33  91.99  74.28
 11.61 -87.11   7.59 -80.53 -88.84
  1.43 -49.44  30.61  29.74  59.31
 11.25 -74.61 -53.36  99.97 -18.46
  7.20  41.00 -15.07  90.02 -12.40
  7.87 -53.96  30.63   6.89  11.50
 17.72  33.93 -26.81 -16.98  11.51
 16.77  18.40  59.46 -17.01  16.64
 17.65 -18.72 -71.31 -52.32  10.47
 16.97 -89.31  72.25  78.44  32.99
  1.93  82.79 -28.02 -83.73  26.74
  6.18  23.63  12.74 -29.39  12.79
  9.93  84.51  78.32  71.49 -27.49
 12.56 -25.76  25.59  12.57  42.61
  6.17  11.64  22.85 -90.42  59.01
  4.62 -53.15  76.63 -17.72  31.38
  8.15 -16.65  63.07  43.36  57.19
 16.38  -4.00 -76.99 -97.71  33.79
 11.38  66.91   0.08 -60.85  66.16
  4.14 -79.71  62.89 -36.20  26.83
  1.49 -99.14  28.05  50.19 -84.54
  5.12  31.25 -57.92  50.16 -55.29
 10.25  32.62  24.28  93.10 -99.70
  8.94 -40.45 -98.60 -88.94  -5.95
  2.84  95.24   2.35 -87.26   2.84
 19.39 -17.40  18.13   1.48  47.83
 10.23 -98.48  18.05  33.30   8.50
  2.97  48.52  73.29 -52.01  79.28
  4.45  14.37 -84.18 -70.35 -77.80
 17.22   0.77   0.26  33.45 -92.40
  9.36 -98.91 -16.69  43.05  28.82
 17.78  83.95 -84.96  57.63 -57.19
  2.53 -19.85 -41.94  71.25 -56.35
 19.13   4.54 -36.88 -86.93 -68.46
  4.33  -4.41 -63.53  85.33 -52.84
  2.47  20.04 -50.85 -48.56   5.81
 17.26  19.98 -34.23 -42.04  93.56
 13.64 -12.08 -56.92 -36.20  49.45
 14.85  -2.29  70.15  62.09  -8.62
 11.61  -7.95  18.38 -20.81 -60.99
 19.91 -59.07  47.97 -60.17  56.39
 17.13  12.87   5.30 -61.15  46.45
  7.25  17.68 -25.23 -87.87  81.49
  6.16  68.89 -95.34 -69.44  56.95
  9.17 -98.45 -86.26  56.05  16.17
 18.16 -53.35 -33.19  88.01 -52.50
  5.74 -47.51  48.64 -86.68  28.35
 19.10 -13.81  97.55  59.33 -30.18
 13.88 -22.55 -46.93  97.50  78.48
  1.86  95.58 -98.64 -74.28   4.32
 14.37  74.74 -47.94 -35.32 -21.79
  4.00 -55.63  43.59  72.22 -86.76
  2.72 -61.43  38.88  20.55  59.57
 19.83 -89.60 -67.22 -40.17  70.47
 12.44 -82.05 -81.23 -85.41  36.72
  4.84 -79.50 -45.36 -33.06  26.96
  1.61  59.31  66.95 -33.37   5.77
 10.57  93.45 -13.28  23.25  65.81
  6.62 -25.60 -72.38 -26.75 -26.95
 19.39 -61.58  81.63  77.37  84.74
 16.64  67.74  30.21 -70.01  14.61
 19.92 -76.17 -85.82  65.15  28.95
  8.43  21.54 -42.41 -98.68   3.76
 16.97 -32.05  69.77  89.04  -9.63
  9.60 -94.75 -64.77  84.85 -32.03
 10.21  34.48 -74.24 -96.03 -65.68
  7.45 -25.33   1.12   0.60  85.73
  4.85 -17.46   2.21 -76.17 -51.29
  8.12  15.67 -89.16 -66.60  58.53
 14.31  23.12 -18.15 -79.06  10.41
 15.97  26.12  -6.18 -50.87 -91.25
  1.43  -6.58  10.87  60.45  -4.11
  4.85  10.81  32.69 -32.45  92.07
  2.64 -40.42  71.64 -18.84 -63.83
 12.16  75.04 -67.21  19.47  70.49
  2.35  -0.62  86.93  55.89 -70.68
 14.60 -30.79  92.40  50.11  81.69
 15.26  62.62 -17.08   8.29  14.97
 19.40  77.54   1.18  -2.19 -59.39
  4.98 -57.38 -42.35 -37.33  15.58
  8.99 -84.53 -24.23  14.76  13.74
  4.17 -37.96  14.73   9.56  28.63
 12.71 -47.33  93.74 -19.19  75.15
 19.92 -55.77  12.17  -1.75 -26.48
 16.59  -0.18  82.54  59.76  61.24
 11.73  35.42 -83.71 -50.46 -41.42
  6.41  68.10 -54.38 -32.06 -71.00
 12.32 -92.62  56.17  14.86  29.93
 13.92 -49.21 -81.93 -33.58 -53.00
 10.29 -86.37 -51.40 -95.98 -72.72
  3.80  97.86 -93.58 -10.78  31.19
 12.17  21.42 -46.80  42.13 -73.36
 16.29 -91.64  17.88  11.30  16.82
 19.61 -14.41 -41.26 -10.25 -40.21
  6.51  -5.15  71.64  11.63 -63.41
 16.13 -22.88 -29.59  29.43  20.54
  6.41 -39.04 -73.43  59.91  72.29
  4.09  -0.14 -67.70  61.28  93.91
 12.73 -47.58 -14.42  51.81 -52.42
 14.93  11.08  87.22 -98.94  61.99
 14.82   6.65  45.37 -70.03 -66.56
 16.73  59.62  45.71  92.62 -23.24
 19.58 -58.37  62.87 -11.26  10.07
 11.48  36.93  47.13 -45.02  62.43
 14.53 -62.95 -13.86  93.70  52.93
 14.78  37.07 -21.97 -79.92 -23.41
 10.22 -94.86  39.72 -82.91 -69.03
 13.99  90.99 -63.18  84.07  68.06
 12.50   2.37  24.38 -48.81  86.73
 18.31  94.84 -39.45  11.03  10.65
 17.09 -36.23 -38.02 -89.97 -62.34
 10.29 -77.77 -39.33  79.18  44.71
 18.06 -43.47 -69.93  51.15 -59.56
  9.24  -5.95 -57.02 -55.29 -56.86
  1.42  47.95  43.29 -29.73   4.89
  6.62 -10.90  45.09 -16.02  47.39
  9.34   3.51  72.55 -39.85  55.74
  2.36  -7.58 -63.82 -57.64 -57.93
 13.47   4.38 -14.81 -61.42 -89.24
  4.71  -9.72 -46.17 -85.68  -1.37
  6.15  69.35  44.21 -11.80 -21.42
 12.47  -9.18  54.31  67.13  -0.50
 11.71  46.93  39.78   1.20  50.73
 16.56 -48.39 -76.07 -71.68 -69.00
  6.82 -91.11 -72.29  66.13 -41.69
  7.12 -27.46  23.10  28.76 -83.27
 19.73  21.00  16.45  -9.00  37.31
  3.34  18.65  41.45  38.10  61.83
 14.81  21.99 -57.53 -60.98  66.45
  2.59  97.19 -53.87  72.89  34.38
  9.85 -67.97 -14.24 -88.41  42.95
 17.48  61.81  66.96  90.69 -37.74
 16.61 -98.82 -51.24  90.43  94.38
  5.56  59.56 -72.41  12.49  46.88
 19.30 -48.26  16.46  29.68 -95.37
  3.03  -9.22  -7.06  12.39 -42.20
 19.20 -39.02 -38.83  43.37  90.68
  4.46 -96.15 -62.57  65.96 -18.41
  5.87  59.21  96.21  77.74   1.40
 10.10  94.96  68.33  10.10 -45.91
 10.59   8.70  28.07  96.71  32.21
  2.56  -5.34  74.07   6.53  44.97
 15.65  -0.40  31.74 -12.34  39.28
 10.52 -21.13 -39.70 -47.42 -80.68
 16.60 -92.80 -29.86 -50.24 -13.00
 13.27  88.56 -70.18  -2.40 -58.50
 14.57 -50.76   1.12 -64.67 -66.78
  8.61 -55.83 -61.05 -84.03  73.45
 17.65 -47.44 -61.97  42.82  22.73
  7.22  23.75  95.52  -9.46  55.68
 16.13 -35.96 -61.15 -82.66 -38.27
  4.99 -15.83  67.87 -29.81  34.96
 13.59  42.37 -51.98  -1.90  41.22
 10.69  50.10 -45.93  94.56 -47.05
 17.51 -43.31  73.59   2.50  87.14
 19.98 -97.36 -38.48 -93.49 -43.06
  6.97 -54.55  84.55  82.86  77.27
 12.53  58.14   5.77  92.46   3.07
 11.25  -1.45 -91.05   4.66 -16.62
  3.61  44.85 -69.56 -38.59  47.30
 15.92  99.23 -80.58 -64.08 -10.14
 18.19 -67.29  44.24  71.53 -42.93
  4.01 -26.58 -60.40   7.80  92.63
  9.22 -62.71  75.65  78.06  11.55
 19.60 -41.55  89.93  98.49  93.60
  5.24 -44.11 -42.28 -34.26  19.02
 13.19  23.33  27.77 -60.12 -56.35
 16.44 -28.36 -84.12  64.12  82.11
 10.00  -3.31 -98.17 -27.97 -69.41
  3.96  13.59 -31.62  63.23 -55.52
  5.34  20.08  29.61  39.37   6.83
 19.88 -61.13  34.71 -46.94   4.31
  7.87  22.43  78.00  88.39  65.71
 14.71 -78.82 -58.71  22.52 -30.57
 13.27  71.76 -43.64 -13.36 -65.25
  5.25 -78.62  18.92 -43.72  37.03
  5.91 -88.53 -40.42  21.42 -97.52
 15.28  76.19  -5.29  61.20 -72.87
  3.32  29.79  82.06  81.62 -58.34
 15.19 -16.04  25.60   4.36  94.88
  5.69 -19.73 -15.98  94.63  62.28
  5.13  69.59  25.02 -67.22 -55.43
  7.74  99.72 -32.54 -59.47 -88.13
  3.31  68.61  62.29  18.05   8.98
  7.59  27.53 -87.14  45.46  46.50
  1.35  41.90 -77.87  90.35  26.29
 16.88 -22.11 -40.92 -43.98  -6.11
 17.69  93.77  92.92 -76.54 -85.09
  3.89 -43.63  62.09  -4.87 -90.92
  9.27  56.90  -4.74  49.70  30.12
 18.10  36.64 -57.02  18.65 -63.70
  7.00  85.36  -8.19  30.55 -11.03
  8.43  54.81  99.15  41.20 -93.82
 11.98 -17.26  54.08  10.66  18.10
 10.29 -38.53 -15.61 -67.71  50.82
  8.27  24.93 -41.03 -69.63 -51.94
 11.17  59.91  12.64 -59.17 -39.55
 13.72 -81.06  96.83  71.35 -74.97
 17.76 -92.85 -32.53 -28.50  49.36
 14.89 -10.62  81.67 -66.25 -96.65
  1.45  58.57  34.98  83.71  78.65
 18.57  87.90  44.47  78.94 -71.95
 12.23  82.83  63.70 -73.58  94.26
 19.84  77.62  81.02  72.75 -85.30
  7.14  88.21   2.73  66.62  -4.99
  3.35 -79.69  29.08  98.89  22.93
  4.75 -97.77   2.89 -41.28  24.48
  5.68 -29.23 -83.56  16.25 -69.66
 16.81  -9.16  75.49  75.37  76.31
 14.34   6.55  -5.19  55.97 -84.28
  3.75  40.62  97.64  51.89  75.31
 10.32 -44.08  37.10 -88.05 -84.95
 11.78  46.55 -98.14 -44.98 -79.22
  7.31  59.57   1.19 -98.58  23.22
  8.95 -71.17 -20.15 -20.06  95.47
 12.06  57.47  66.11 -40.45  70.82
 14.39 -34.69  19.46 -93.97 -90.83
 10.71  39.76  31.23  94.11 -58.56
 11.98 -17.36  47.53 -59.43  82.81
 16.40 -34.23 -18.09  43.66 -65.25
  6.12 -48.99 -94.28 -18.76  24.77
 12.88 -71.54 -99.27  47.60 -11.57
 16.85  16.82  90.32 -97.68   8.28
 15.41 -70.59  20.64   9.45   2.19
 14.60 -32.90  57.65 -22.10 -51.95
  7.29 -95.98  40.48  90.50 -44.07
 14.94  24.11  63.95  99.68 -22.01
 11.30  85.53 -35.85 -49.21 -33.22
 14.03  30.54 -29.13 -81.09 -47.63
 16.97  73.01  79.29  14.32  14.15
 10.80  12.14 -82.83 -24.00  -5.87
 17.98  41.81   0.44  -2.66  94.25
 19.63 -61.17 -88.12  99.12  78.87
 17.92  39.23  93.70  41.15   4.61
  8.96  85.50 -61.59  21.13 -82.06
 15.66  94.40 -53.36 -63.73  53.55
 13.37  94.82 -67.31  34.97  51.54
 15.13  53.96 -90.92  32.41 -71.97
  1.47  35.14  85.54 -21.01 -88.41
  7.85  67.51 -90.95 -16.15 -83.94
  3.96  34.34  62.56  -0.12   8.04
 11.62  83.60 -63.12 -19.10  87.86
  5.47 -46.36 -11.72   9.83  40.69
  8.16  -6.19  20.80 -66.70   3.23
 15.00  84.27  29.50 -47.02 -33.03
 17.29  54.33 -85.45  79.65  84.13
 12.84  33.00 -28.71 -17.10  55.26
 11.84 -81.32 -55.38 -52.23  12.58
 10.69  81.55  12.49 -24.93  29.27
 12.53 -11.76 -23.00 -55.49  68.63
 14.24 -79.96 -65.02 -52.85  34.45
  4.45   6.98 -43.37  40.96 -16.04
  6.29  68.56   5.35  13.58  19.52
 13.60 -68.27 -67.29  81.26 -30.86
  2.89   5.03  51.58 -19.12 -21.24
 18.24  58.00  36.44  -7.37 -19.90
 15.05 -54.21 -15.63   7.23  11.83
 18.08  94.08  42.61  34.00 -31.15
 17.26   0.51 -14.14  56.15 -36.30
 12.54  91.71  79.93  82.57  50.15
 12.12  10.13  14.16 -89.02 -44.10
  8.22  63.02   6.27  27.88 -13.15
 11.92 -70.08 -67.08  69.10 -70.44
 11.98  59.41 -76.99  -6.19 -80.72
 19.20 -64.94  99.76 -26.12  20.43
  8.04 -56.27  47.92 -72.52  46.04
 18.87 -10.28 -20.41 -15.19 -25.23
 14.86 -48.34 -82.15 -65.38 -95.42
 17.68  59.01  -2.01  34.50 -96.16
 15.70 -20.94 -36.66 -28.55  37.26
 18.13  73.70 -58.38 -76.59 -56.49
  8.60  28.69 -61.97  58.68  -5.24
 11.07  38.55 -62.78  -7.00  27.03
 17.17  51.01 -60.80  14.40  91.48
 14.93  54.82 -94.49 -26.17 -46.38
 17.41 -18.77 -95.62  23.85  50.22
 15.33  -4.53  61.92  -6.02  17.90
 14.48  37.18  87.74 -91.20 -43.36
 10.85   7.44  11.97 -37.66  96.49
 16.11 -56.07  20.75  22.55  80.27
 14.00  39.97  17.18  10.56  24.47
  2.58 -99.23 -47.64  -7.28  41.40
 13.89  21.90 -43.04 -74.79  58.39
  2.84  29.24  87.11  40.18 -64.23
  5.49  86.78  18.28  58.03 -48.86
  8.67  28.95 -66.31  13.49 -64.78
 17.58 -86.52  57.25  37.93  61.06
 10.71  26.14 -83.06  53.00 -81.98
  2.31  -3.10  11.22 -15.80 -97.68
  1.10 -98.44  60.81  12.82  42.59
 19.33 -40.74 -71.32  38.25  99.47
  8.43 -83.58  26.68 -36.89 -51.24
 14.26  74.59 -77.02  83.94 -62.39
 11.94  71.03 -11.07 -74.28  78.57
 15.84   9.19  58.67 -54.10 -34.41
 16.89 -99.96 -12.82  85.28  71.45
 14.07  27.76 -76.53  66.65  94.98
 13.23  64.04 -57.76 -96.47 -36.17
  2.13 -88.63  18.65 -70.85 -10.37
  4.13  92.10 -69.68 -50.66 -39.89
  5.22  59.28  76.34 -31.75 -78.92
 19.38 -23.30 -60.02  60.70 -70.63
  7.24 -32.89 -42.49  96.38   3.60
  7.31 -44.68  88.54  61.46   0.12
 17.81  -2.31 -58.30  43.13  62.20
  4.42  27.51  43.44  65.33  -5.55
  9.47  87.41 -55.74   0.79 -62.95
 10.35  65.08 -89.11  79.02 -25.96
  4.75  97.74  11.39  96.82  14.92
 18.60 -44.36 -56.30 -54.51  15.75
  4.47  60.41  85.49 -63.23  91.05
  7.60 -31.56  46.27  -4.12  35.68
  6.77 -55.28 -94.10 -73.63 -87.82
  1.82 -92.54 -28.03  65.92  21.66
 11.22  58.37 -66.77  78.98 -96.35
  7.02  93.84 -87.19   8.69  87.39
  4.56 -19.17  42.07 -76.64  28.51
  1.35 -60.17 -41.16  44.57 -57.20
  9.13  12.57 -81.35 -31.97 -81.01
 16.98  95.11  81.91 -60.23  87.86
  1.08 -62.19  -8.23  63.29 -72.50
  2.78  86.61  93.61  23.27 -72.19
  1.49 -33.47  -0.79 -18.32 -98.36
  7.07  71.37  96.38  28.11  11.99
  8.48 -92.78  -5.95  55.24  45.09
 17.59  82.95  41.55 -15.78  -6.48
  6.42 -19.89 -10.21  45.88  -0.43
  6.21  -6.34  14.06 -32.56 -40.67
  3.90 -92.12  57.06 -42.74   3.82
  5.60 -77.79  64.45 -88.58  -0.92
  3.39   1.26 -37.64 -62.52 -49.24
  7.51 -10.35 -78.31  69.04  64.23
  5.72  19.66  -9.16  75.61  86.49
 14.60  31.22 -41.14 -64.07  55.66
  7.33 -52.56  44.70 -91.76 -47.25
 12.36  89.49  98.37 -43.16  -1.60
 19.41  43.59 -51.85  59.76  61.75
  2.45  -7.79  76.65 -26.01  87.10
 10.18  45.02 -75.01  19.89 -31.07
 10.71  19.03  23.76  63.30 -24.41
 18.91  20.42  17.93 -19.39 -50.37
  6.73  13.10 -76.14 -31.10 -59.16
  2.66  62.61 -22.68 -79.62 -68.46
 12.47  40.62  23.16 -12.79  68.36
 17.16  -7.05 -85.23  35.38 -58.11
  7.37 -47.02  46.60  80.75  14.75
 14.55  43.58 -37.50  13.73 -81.00
  9.34  87.56  20.18  98.03 -71.89
 18.94 -67.94  37.36 -39.31 -49.91
  4.77  45.62 -93.37  31.93  12.43
  2.14  92.80 -71.11  79.20 -66.60
  3.97 -85.37  26.92  26.28  62.57
 17.26 -37.66 -69.72  54.14 -56.76
  6.87 -68.83  24.53 -87.66 -32.37
 16.48 -95.79  39.68 -19.94 -15.77
  4.42  95.55  42.69  65.63  68.67
 16.20 -80.00  75.71 -95.15 -42.05
 13.10   5.03  24.73  74.69  88.49
 13.48  28.75 -13.54 -32.06  -4.59
  2.48  37.09 -45.71  29.84  43.91
 19.31  54.36 -34.63 -85.05  15.14
 10.46  22.51 -45.58 -91.80  62.59
 19.11 -24.21  12.56  36.08  -4.95
 16.26 -49.59  34.08 -43.93   5.99
 15.75 -56.51 -42.11  56.75 -39.12
  8.06 -40.67 -32.74  68.70  36.26
 10.94 -83.39 -34.30   2.82 -79.04
 14.37 -78.36 -83.20  26.29 -62.20
 16.14  35.80 -87.28  54.08  62.90
  3.04 -79.98 -36.88 -36.97 -65.24
  7.49  14.86  26.00 -83.59 -19.98
 15.17  57.00 -98.13 -10.66  44.30
  3.66  50.98   9.55 -98.37  39.85
  6.21  10.37  56.28 -61.98 -75.47
  4.98  46.56  13.27 -36.95  35.44
  8.22 -58.14  74.82   8.82 -42.53
 14.73 -22.73 -89.74 -57.32  77.31
  5.22 -55.57   7.57 -93.19  34.44
  5.06  -8.63  67.17 -67.92 -36.67
  7.34 -51.39  70.16  35.50 -42.52
  3.38 -13.24 -99.27  12.86  92.38
 12.45 -56.75  -0.46  59.91  50.37
  6.05  76.71  13.88  45.49 -81.16
  8.98  55.16 -92.89 -92.18  -9.50
 10.74  55.76  60.82  27.19  48.02
 14.87  -0.58 -40.91  53.63 -24.78
  3.47 -61.91  85.00  -6.25 -18.27
  3.25  -6.29  20.97  20.19 -42.27
 18.03  24.92  53.27  37.13  88.74
  4.13  30.55  38.53  45.55   6.60
  3.34 -78.52  37.25 -64.56 -87.35
  6.58 -61.28 -15.62 -33.69  25.52
 19.82  61.66  -4.33  16.47  71.23
  7.35  24.32  53.52 -45.63 -75.13
  2.80  97.62 -64.13  15.48 -56.54
 18.47 -36.32  66.65  63.09 -37.49
  1.86  -2.78  84.97  47.06  96.08
 16.69 -10.83  45.52 -38.95   6.40
  8.38  83.24 -89.95  35.01  48.95
  2.18 -52.24 -86.67  90.94 -52.05
  7.41   1.58 -20.31 -30.33 -88.40
  5.42 -33.07  86.30 -61.50  80.31
  5.44  70.86  65.61  65.47   1.80
 14.75  96.66  44.59 -52.91 -86.20
  9.31 -68.80  12.70 -59.70 -44.35
  2.26 -62.69 -26.20  -1.19 -68.58
  8.58 -43.91  47.99  40.39  99.13
  7.37 -43.78 -32.56   1.18  83.73
 19.68  38.38 -94.18  88.73 -71.37
  6.69 -50.85 -18.82  80.12 -82.02
  1.27 -79.13  88.01  80.26 -34.02
 16.77 -57.40  75.75 -34.23 -46.49
  9.40 -35.00 -12.45  13.88 -51.58
 11.62  49.38 -85.29  59.48  19.90
  4.15  80.74 -66.73 -90.52  90.11
  6.07  -9.96 -28.96  49.55 -80.15
  5.93  59.83 -23.59 -30.67 -72.33
 17.13 -51.97  11.68  73.37 -38.71
  5.68  36.02  69.95   8.61 -77.96
 17.82 -75.22 -21.67  46.93 -91.07
 17.46  55.20 -15.62  92.75  34.02
 19.06  56.37  65.63 -45.36 -38.86
  2.12 -20.59  72.51 -88.76  85.56
  7.77  13.21  53.00  35.31  80.73
  5.61  17.32 -80.78 -85.74 -54.25
  6.92 -35.08   4.06 -47.66  56.20
  7.80   6.31 -16.58 -98.30  86.33
 14.45   2.89 -21.87  99.68  -7.81
  3.34  44.23 -81.43  41.49  98.43
  7.27 -10.53 -37.28  -9.70  12.73
 17.20  49.60 -79.73  98.25  79.77
  2.55  76.63 -63.50 -15.60  89.25
  9.69  25.95  35.56 -36.82  32.25
  8.81 -94.59 -99.27  40.79  -3.32
 13.82  16.84  34.40 -84.12 -35.72
  1.84  72.87   6.80 -17.14  67.60
  9.61 -96.42 -87.45 -61.96  95.29
  2.35  14.44 -17.76 -58.52   6.91
 19.80  45.69 -96.57  -6.22 -97.96
 12.85  90.16  81.22 -81.72  91.33
  8.01  67.54  28.42 -57.48 -65.24
 13.65  42.61 -86.94 -33.39  -8.82
 14.29 -87.74  28.94  44.44 -62.87
 13.32 -11.46 -70.46 -57.53  90.77
  5.45  19.38  84.87  38.29  16.23
  1.26  54.54 -35.45  77.96 -37.41
  4.52 -72.79 -68.52 -65.12  78.93
  5.08 -72.20  44.42  84.29 -26.91
 17.04 -12.14   8.05  89.59  50.12
  6.78 -13.43 -57.54  26.34 -88.34
 12.90 -63.90 -13.53  44.82  49.25
  7.34 -59.58  93.69  15.64 -26.57
 14.19  36.62  84.34 -89.38  75.24
  4.69 -50.46  64.52 -48.65  69.31
 14.75 -97.22  27.90 -37.23  52.25
 17.47  26.25  77.22 -29.78 -50.67
 19.98 -70.52 -77.13  54.63  50.91
 18.48 -67.60  -1.35  34.92 -83.36
 12.02  -0.97  60.61  77.62  18.74
 17.88 -23.38  39.37 -51.08 -22.16
 11.79  28.55  41.98 -30.94 -57.74
 11.94 -51.40 -17.68 -96.30  59.56
  2.38 -51.48 -32.13   2.12   0.42
 10.67  87.04  22.65  75.67 -47.69
  3.17  -8.27 -86.85 -65.06  47.44
  9.66   9.72  -6.05  45.60  89.46
  6.96 -20.30  77.45  23.88 -56.15
 20.00 -98.84  63.92  28.46  -5.28
 10.51   7.53  63.37  84.21 -88.83
 10.27 -15.48 -21.45 -92.31  35.96
 13.65 -70.04  57.32 -79.58 -39.24
 16.20 -57.72  31.71  63.00  -0.17
 11.35 -40.85 -64.79  44.73  -4.47
  7.45   6.22 -57.33 -24.44 -16.63
  7.87  12.33  51.74  96.99  28.11
 12.11  34.79 -18.73  69.80 -91.38
  5.86  43.85  34.21   0.65 -62.68
 14.93  27.24 -72.49  -1.27  69.61
 19.59 -93.81  38.60 -91.00   0.44
  3.58  94.31  63.94 -39.60 -28.65
 16.09 -10.30  53.89 -25.19 -89.93
 17.37 -12.13  44.32  21.92  14.79
 17.65 -35.20  90.84  15.63  96.54
  4.16 -26.56  67.76  64.89 -95.45
  1.30 -91.17 -38.51 -60.21 -70.23
 11.80  63.94 -87.36   8.92 -63.96
  5.84  45.38 -42.15  77.00  33.78
 12.77  89.30 -11.14 -60.26  71.14
  4.52   4.42  50.72 -54.06  94.73
  3.37 -11.51 -20.35   3.76  96.09
 13.23 -38.84 -53.23  54.16 -74.13
  4.69 -70.48  35.85  34.03  19.88
  7.43   8.72 -76.83  17.19 -66.63
  1.32 -96.31 -82.14 -36.79   5.21
 10.40  30.29  79.32  -0.17 -66.61
  1.34 -64.95 -45.26  41.93 -92.62
 16.17 -30.38  45.69 -90.31  47.70
  3.72  -8.68  -1.60  14.95 -50.65
  1.31  52.53 -73.46 -63.07  61.17
  9.59  91.26 -73.00  80.26  95.40
 11.67  25.72 -51.11 -46.96  85.86
  5.06  54.16  18.94 -52.20 -48.09
 11.92  82.98 -18.34  13.35  33.08
 19.43  23.06 -58.95  72.47 -33.91
 12.55 -86.73  80.11 -99.12 -46.06
 18.66  75.23  27.65  23.14  -7.49
 15.16  -9.75 -79.22  -7.24  41.78
 19.02  85.08  65.32  94.12 -70.68
 14.52 -67.55   4.44   4.87  85.14
 15.29 -31.98 -71.36 -89.00   2.98
 12.53 -12.57  21.43  95.34 -30.08
 19.39  65.07  61.02 -60.37 -91.16
 19.73 -33.15  58.29  -4.73 -76.23
 13.27  48.33  79.74 100.00 -60.70
 19.15 -94.84 -39.11  36.18   8.99
 18.70  76.30  63.16   6.15  88.34
  5.07  96.57 -97.48 -98.62 -48.14
  5.34   6.81  -0.46 -93.38  87.77
 18.13 -61.03  -0.98  25.55  63.25
 17.79   4.26  30.74 -41.77 -26.98
  1.15 -25.89  95.64  76.68 -11.77
  4.01 -58.59  88.60  17.89 -95.68
 15.31 -52.98 -35.05  91.70 -81.65
 18.66  93.35 -79.75 -65.07  79.48
 19.17  41.54  12.63   6.18 -77.50
  9.44 -80.25  38.59 -59.79 -91.73
  3.88  99.58 -88.01 -34.21  78.33
  2.01 -88.85  71.12  91.46   3.74
  5.28  58.14 -29.05  67.20 -88.83
 11.77 -15.85 -46.65  -1.89  54.79
  4.79 -12.15 -17.61 -72.45  28.99
 19.03  10.50 -92.29  28.33  36.71
 10.66  80.32  92.65  -9.50 -41.95
 19.57  85.41 -62.88  28.08  -4.74
 14.17 -12.20 -68.85  51.50  72.18
  4.72 -75.47 -40.70 -46.63  96.18
 16.99 -11.84  30.38 -75.47 -71.64
 11.52 -63.45  18.26  45.83 -99.78
 13.17 -56.86  97.70  15.41  -7.13
  5.60  74.42 -21.71  45.60 -73.77
 11.32  88.18  14.65 -56.29   3.59
  2.43  13.62 -29.69 -70.50  66.90
 19.32  82.26 -15.55  36.12  69.28
 13.98 -52.59  -4.35  44.95  77.28
  9.73  37.44 -59.06 -39.60 -26.30
 12.82  98.28  67.76 -43.02 -38.46
 13.01 -85.07   3.29 -17.71 -83.53
  6.17 -90.40  94.36 -22.14 -75.67
 15.63 -68.97   7.87 -99.54 -16.37
  2.42  55.41  70.09  62.02  56.23
 10.88  67.70 -16.18  79.68 -35.10
 18.64  58.24 -97.02 -53.91 -94.27
 16.78  73.76 -59.07  83.76   2.69
 11.75 -31.30 -34.41 -67.87  11.02
 19.03  10.49 -98.38  71.23  17.60
 15.84 -12.09 -85.03  54.88  71.72
 18.44 -84.16  91.26  13.56 -31.21
 16.45 -81.26  25.18 -39.79  23.86
  5.14   2.37 -19.82  23.15 -96.38
 18.44  47.53 -75.65  36.41 -80.85
  6.28  73.79  85.31  22.93  73.36
 15.17 -19.96 -83.19 -17.39 -75.58
  8.84 -59.31  46.89 -22.95 -50.01
  2.91  -2.66 -66.63 -64.47 -41.74
 12.01  79.35  18.31  51.26  -1.47
 14.89  37.39  12.37  87.92  22.42
  9.34 -64.24 -18.26 -60.25  30.65
  3.84 -59.95  35.74 -32.64 -92.72
 14.74 -97.17  33.25  30.43  94.79
  1.15 -23.40 -18.22 -36.07  36.76
 11.14 -48.20  86.22  73.66 -81.66
  2.90  -4.85   6.52 -70.28  41.95
 19.34 -18.30 -93.03 -51.88  95.44
 12.91  91.00 -87.13  64.22  29.02
  9.65 -44.48  20.75   4.79 -36.26
 10.53  12.70  40.11 -41.56  40.28
 10.29  51.28 -24.06  24.38   3.35
  7.20 -37.61 -79.16 -78.23 -56.90
  4.72  94.74  10.71  99.23 -43.53
  8.97  80.53  67.83 -50.45  56.12
 17.36 -78.88 -22.93 -11.99  56.04
  6.09  23.62 -82.42  13.17 -87.76
  6.84  92.50 -96.18 -24.64 -16.77
 16.26  68.28 -40.71  40.05 -69.14
  6.82  69.30 -48.09 -29.45 -23.12
 10.46  90.14  98.71  85.62 -64.18
 17.77  85.69 -23.60  15.77  -8.80
 17.65 -27.96  64.69 -62.93   8.77
  7.70 -63.68  68.14  48.56  53.31
  7.03 -41.31 -24.68  -2.38  49.97
 16.39 -37.15 -68.95  21.31 -12.03
  3.21 -24.68 -10.08  15.72 -40.80
  4.79  90.99  47.88 -41.25 -53.09
 10.09 -85.95  27.45  95.22 -80.32
  4.25  61.83 -94.67   9.35 -35.33
  4.78 -75.17  12.06 -33.42 -72.14
  2.97  12.92  60.07 -14.42 -63.84
  6.40  57.87  87.80 -52.89  64.56
 11.22  75.99 -80.95  98.91 -85.34
  1.27 -65.97 -59.92 -33.64  39.60
  4.34  89.57  32.52  77.66 -80.94
  4.50 -20.83 -23.04  95.02  96.14
 10.43 -13.67  26.80  47.59 -62.29
  9.97  72.85 -96.35  69.00 -43.49
  5.77 -39.82 -30.57  86.70 -39.11
  9.58  21.52 -94.70 -59.86  -8.26
 18.50 -12.54 -86.93 -91.40 -31.59
  7.84 -21.40 -87.15 -30.89  57.81
 18.05 -45.06  20.95  41.89  61.90
 17.11  69.92 -68.18 -18.27 -41.61
  8.80 -93.71 -30.90  60.51 -53.06
 18.95 -68.65  71.99  75.94  52.12
  4.97  74.72 -55.95 -27.19 -60.16
 19.80 -21.50 -73.08 -49.14  49.52
 16.11 -74.48  23.30 -71.70  62.07
  7.93  76.08  53.27 -46.44  57.75
 15.36 -65.00  17.51 -24.87 -25.74
  5.87  90.51  23.44 -59.75 -11.63
 16.87 -82.37  61.78  61.55  38.21
  2.80  44.59  38.89  31.18  -6.94
 18.80 -42.67  28.47 -23.50  42.46
 14.56 -37.19  59.44  20.41  23.72
  1.72 -29.68  70.63  63.50 -87.99
 18.95  31.79  25.12  67.95 -93.20
  1.67  32.17  34.62   3.52  -8.77
  9.61  -0.23  16.49  52.90  97.31
  1.76 -59.09 -41.40 -25.23 -50.82
  2.75  14.06 -52.41 -32.78  47.14
  9.94  99.52  22.97  76.22 -66.15
  4.66  24.87 -61.57  62.99 -63.62
  3.58 -85.24 -23.14 -94.18  87.98
 13.18  61.63 -66.15 -22.05  18.34
  2.44  -3.52 -64.85 -37.17  39.05
 15.09  73.28  78.39  17.43 -98.87
  7.38  61.84 -58.62 -15.07 -36.55
  2.07  -7.63 -81.86  94.50 -94.48
 15.62 -93.94   8.85 -84.92 -14.05
  4.09  75.02  65.87 -33.06 -86.52
 16.51 -14.31  84.72  41.14 -35.13
 12.85 -58.70  62.18 -29.24 -39.46
 12.87   6.73  -3.78 -26.32  -1.04
  2.17  15.17 -89.21  58.68 -27.88
 14.76  40.46 -85.12  76.68 -90.83
 15.30 -22.11 -82.71 -98.96 -63.87
  4.39  70.01 -37.45  83.33 -53.40
  9.64   6.93  67.81 -99.16  18.42
  2.63  54.52  42.69  98.97 -26.29
 11.58  92.71  34.68 -12.84  30.37
 16.17 -19.04  41.87  88.43  -9.80
  2.63  92.51 -27.92 -30.83  58.30
 19.79  42.90 -47.14  79.37 -75.43
 12.89  95.38 -15.62 -89.94  60.40
  2.01  66.60 -68.63  93.21 -98.47
 18.08  98.56  26.33 -15.09  67.66
  6.84  16.14 -60.23  84.30  -0.08
  7.30  17.57  77.78 -45.89 -78.46
  7.18 -92.19  42.38  63.82  32.31
 12.43 -85.24 -30.36  63.80 -88.10
 19.37  99.62 -94.53 -16.21  63.15
  6.78  97.70 -95.46  93.25   7.26
  7.77 -17.66  93.26 -74.63  14.55
 18.06 -61.74  89.41 -62.24  94.86
  4.11  64.95  25.58 -16.63  26.19
 19.00 -61.50  91.63  40.69  65.51
  1.09  40.05 -72.13 -36.79  -3.04
  1.42 -68.97  50.92  83.76  18.29
 19.79  44.07  28.15 -52.63  61.28
 19.71 -26.23  70.80 -12.55 -51.69
  6.14 -54.15  73.61  75.39 -18.99
 13.25 -26.13  12.83 -41.26 -20.03
 13.08  47.04   0.60  84.85 -32.20
  2.07 -42.30 -99.86 -90.16  74.34
 11.39  41.79  13.76 -57.68   9.32
  3.04 -32.23 -27.95 -65.16 -33.10
 14.85 -64.46  42.19  54.14  40.65
  7.27  -2.00 -73.75  12.25 -31.92
  3.40  76.77 -58.57  79.69 -20.37
  4.37  32.20 -62.12 -43.97   9.77
  7.51 -82.67 -87.99 -92.32  97.99
 18.80  93.34  95.73  88.78 -35.71
  5.38  30.66  85.96  22.37 -90.75
  5.17 -20.40 -26.84  -4.74  55.37
 18.98  20.32  87.05 -54.13 -31.60
 15.78   6.22  27.87 -63.74  73.20
  4.85 -80.88 -42.27 -50.57 -41.92
 14.93   6.78 -41.15  80.47 -13.94
 17.56 -19.39 -59.84  77.15 -88.96
 18.63   3.90 -54.93  30.54  89.11
  1.89 -93.55  43.08 -95.40  32.41
 14.38  35.83 -60.99 -21.78 -31.56
 17.42 -65.14  74.74  90.88 -52.39
  8.75 -66.58  23.36  89.69  94.56
  4.78 -24.46  -1.25  -8.45 -62.79
  3.14 -38.61  84.15 -24.37 -51.91
 19.11  45.40  10.77 -59.47 -79.32
 11.95  60.54  72.34  89.49 -38.07
  5.89   7.63  43.77 -70.08  21.49
  5.23  15.42  74.10 -15.71  23.03
  4.19 -94.93   6.21 -93.18  60.58
 15.43  98.33  82.36 -29.12  86.14
  9.01   8.93  26.59 -54.40  69.24
  1.07 -52.86  45.06   3.85  25.58
 12.25  69.50  18.14 -36.42 -58.44
  1.62  77.68  86.23  83.30  -5.39
 11.27 -12.91 -43.59 -62.21  27.64
  3.32 -66.95 -29.00  28.84 -79.26
 17.47 -54.66  60.08   3.86 -62.15
  5.60 -29.96 -26.54 -55.55  74.63
 20.00  27.62  30.02  15.55  35.02
